╭-----------------------------------------------------------------------+------------------+-------------------+--------------------+---------------------╮
| Contract                                                              | Runtime Size (B) | Initcode Size (B) | Runtime Margin (B) | Initcode Margin (B) |
+=========================================================================================================================================================+
| Address                                                               | 123              | 173               | 24,453             | 48,979              |
|-----------------------------------------------------------------------+------------------+-------------------+--------------------+---------------------|
| BeaconProxy                                                           | 359              | 1,481             | 24,217             | 47,671              |
|-----------------------------------------------------------------------+------------------+-------------------+--------------------+---------------------|
| Config                                                                | 1,014            | 1,042             | 23,562             | 48,110              |
|-----------------------------------------------------------------------+------------------+-------------------+--------------------+---------------------|
| ContinuousIndexingMath                                                | 123              | 173               | 24,453             | 48,979              |
|-----------------------------------------------------------------------+------------------+-------------------+--------------------+---------------------|
| Core                                                                  | 123              | 173               | 24,453             | 48,979              |
|-----------------------------------------------------------------------+------------------+-------------------+--------------------+---------------------|
| Defender                                                              | 123              | 173               | 24,453             | 48,979              |
|-----------------------------------------------------------------------+------------------+-------------------+--------------------+---------------------|
| DefenderDeploy                                                        | 123              | 173               | 24,453             | 48,979              |
|-----------------------------------------------------------------------+------------------+-------------------+--------------------+---------------------|
| ERC1967Proxy                                                          | 229              | 1,046             | 24,347             | 48,106              |
|-----------------------------------------------------------------------+------------------+-------------------+--------------------+---------------------|
| ERC1967Utils                                                          | 123              | 173               | 24,453             | 48,979              |
|-----------------------------------------------------------------------+------------------+-------------------+--------------------+---------------------|
| Errors                                                                | 123              | 173               | 24,453             | 48,979              |
|-----------------------------------------------------------------------+------------------+-------------------+--------------------+---------------------|
| ForcedTransferableHarness                                             | 2,565            | 2,832             | 22,011             | 46,320              |
|-----------------------------------------------------------------------+------------------+-------------------+--------------------+---------------------|
| FreezableHarness                                                      | 3,516            | 3,783             | 21,060             | 45,369              |
|-----------------------------------------------------------------------+------------------+-------------------+--------------------+---------------------|
| HTTP                                                                  | 123              | 173               | 24,453             | 48,979              |
|-----------------------------------------------------------------------+------------------+-------------------+--------------------+---------------------|
| Helpers                                                               | 165              | 191               | 24,411             | 48,961              |
|-----------------------------------------------------------------------+------------------+-------------------+--------------------+---------------------|
| IndexingMath (lib/common/src/libs/IndexingMath.sol)                   | 123              | 173               | 24,453             | 48,979              |
|-----------------------------------------------------------------------+------------------+-------------------+--------------------+---------------------|
| IndexingMath (src/libs/IndexingMath.sol)                              | 123              | 173               | 24,453             | 48,979              |
|-----------------------------------------------------------------------+------------------+-------------------+--------------------+---------------------|
| JMIExtension                                                          | 23,536           | 24,139            | 1,040              | 25,013              |
|-----------------------------------------------------------------------+------------------+-------------------+--------------------+---------------------|
| JMIExtensionHarness                                                   | 24,224           | 24,831            | 352                | 24,321              |
|-----------------------------------------------------------------------+------------------+-------------------+--------------------+---------------------|
| Locker                                                                | 123              | 173               | 24,453             | 48,979              |
|-----------------------------------------------------------------------+------------------+-------------------+--------------------+---------------------|
| MEarnerManager                                                        | 17,902           | 18,438            | 6,674              | 30,714              |
|-----------------------------------------------------------------------+------------------+-------------------+--------------------+---------------------|
| MEarnerManagerHarness                                                 | 18,937           | 19,477            | 5,639              | 29,675              |
|-----------------------------------------------------------------------+------------------+-------------------+--------------------+---------------------|
| MExtensionHarness                                                     | 10,661           | 11,204            | 13,915             | 37,948              |
|-----------------------------------------------------------------------+------------------+-------------------+--------------------+---------------------|
| MExtensionUpgrade                                                     | 154              | 420               | 24,422             | 48,732              |
|-----------------------------------------------------------------------+------------------+-------------------+--------------------+---------------------|
| MSpokeYieldFee                                                        | 20,423           | 21,046            | 4,153              | 28,106              |
|-----------------------------------------------------------------------+------------------+-------------------+--------------------+---------------------|
| MSpokeYieldFeeHarness                                                 | 21,361           | 21,990            | 3,215              | 27,162              |
|-----------------------------------------------------------------------+------------------+-------------------+--------------------+---------------------|
| MYieldFee                                                             | 19,866           | 20,409            | 4,710              | 28,743              |
|-----------------------------------------------------------------------+------------------+-------------------+--------------------+---------------------|
| MYieldFeeHarness                                                      | 20,915           | 21,462            | 3,661              | 27,690              |
|-----------------------------------------------------------------------+------------------+-------------------+--------------------+---------------------|
| MYieldToOne                                                           | 18,886           | 19,443            | 5,690              | 29,709              |
|-----------------------------------------------------------------------+------------------+-------------------+--------------------+---------------------|
| MYieldToOneForcedTransfer                                             | 20,579           | 21,140            | 3,997              | 28,012              |
|-----------------------------------------------------------------------+------------------+-------------------+--------------------+---------------------|
| MYieldToOneForcedTransferHarness                                      | 21,168           | 21,733            | 3,408              | 27,419              |
|-----------------------------------------------------------------------+------------------+-------------------+--------------------+---------------------|
| MYieldToOneHarness                                                    | 19,556           | 20,117            | 5,020              | 29,035              |
|-----------------------------------------------------------------------+------------------+-------------------+--------------------+---------------------|
| Math                                                                  | 123              | 173               | 24,453             | 48,979              |
|-----------------------------------------------------------------------+------------------+-------------------+--------------------+---------------------|
| MockERC20                                                             | 1,901            | 2,613             | 22,675             | 46,539              |
|-----------------------------------------------------------------------+------------------+-------------------+--------------------+---------------------|
| MockFeeOnTransferERC20                                                | 2,078            | 2,796             | 22,498             | 46,356              |
|-----------------------------------------------------------------------+------------------+-------------------+--------------------+---------------------|
| MockJMIExtension                                                      | 3,338            | 4,069             | 21,238             | 45,083              |
|-----------------------------------------------------------------------+------------------+-------------------+--------------------+---------------------|
| MockM                                                                 | 2,350            | 2,378             | 22,226             | 46,774              |
|-----------------------------------------------------------------------+------------------+-------------------+--------------------+---------------------|
| MockMExtension                                                        | 2,724            | 3,397             | 21,852             | 45,755              |
|-----------------------------------------------------------------------+------------------+-------------------+--------------------+---------------------|
| MockRateOracle                                                        | 282              | 310               | 24,294             | 48,842              |
|-----------------------------------------------------------------------+------------------+-------------------+--------------------+---------------------|
| MockRegistrar                                                         | 704              | 732               | 23,872             | 48,420              |
|-----------------------------------------------------------------------+------------------+-------------------+--------------------+---------------------|
| MockSwapFacility                                                      | 297              | 325               | 24,279             | 48,827              |
|-----------------------------------------------------------------------+------------------+-------------------+--------------------+---------------------|
| MultiSendCallOnly                                                     | 462              | 490               | 24,114             | 48,662              |
|-----------------------------------------------------------------------+------------------+-------------------+--------------------+---------------------|
| Panic                                                                 | 123              | 173               | 24,453             | 48,979              |
|-----------------------------------------------------------------------+------------------+-------------------+--------------------+---------------------|
| PausableHarness                                                       | 2,446            | 2,713             | 22,130             | 46,439              |
|-----------------------------------------------------------------------+------------------+-------------------+--------------------+---------------------|
| Proxy (lib/common/src/Proxy.sol)                                      | 162              | 315               | 24,414             | 48,837              |
|-----------------------------------------------------------------------+------------------+-------------------+--------------------+---------------------|
| ProxyAdmin                                                            | 1,154            | 1,423             | 23,422             | 47,729              |
|-----------------------------------------------------------------------+------------------+-------------------+--------------------+---------------------|
| ReentrancyLock (lib/uniswap-v4-periphery/src/base/ReentrancyLock.sol) | 100              | 126               | 24,476             | 49,026              |
|-----------------------------------------------------------------------+------------------+-------------------+--------------------+---------------------|
| ReentrancyLock (src/swap/ReentrancyLock.sol)                          | 1,762            | 1,790             | 22,814             | 47,362              |
|-----------------------------------------------------------------------+------------------+-------------------+--------------------+---------------------|
| Safe                                                                  | 123              | 173               | 24,453             | 48,979              |
|-----------------------------------------------------------------------+------------------+-------------------+--------------------+---------------------|
| SafeCast                                                              | 123              | 173               | 24,453             | 48,979              |
|-----------------------------------------------------------------------+------------------+-------------------+--------------------+---------------------|
| SafeERC20                                                             | 123              | 173               | 24,453             | 48,979              |
|-----------------------------------------------------------------------+------------------+-------------------+--------------------+---------------------|
| SignatureChecker                                                      | 123              | 173               | 24,453             | 48,979              |
|-----------------------------------------------------------------------+------------------+-------------------+--------------------+---------------------|
| SignedMath                                                            | 123              | 173               | 24,453             | 48,979              |
|-----------------------------------------------------------------------+------------------+-------------------+--------------------+---------------------|
| StorageSlot                                                           | 123              | 173               | 24,453             | 48,979              |
|-----------------------------------------------------------------------+------------------+-------------------+--------------------+---------------------|
| StringFinder                                                          | 123              | 173               | 24,453             | 48,979              |
|-----------------------------------------------------------------------+------------------+-------------------+--------------------+---------------------|
| StringMap                                                             | 123              | 173               | 24,453             | 48,979              |
|-----------------------------------------------------------------------+------------------+-------------------+--------------------+---------------------|
| StringSet                                                             | 123              | 173               | 24,453             | 48,979              |
|-----------------------------------------------------------------------+------------------+-------------------+--------------------+---------------------|
| Strings                                                               | 123              | 173               | 24,453             | 48,979              |
|-----------------------------------------------------------------------+------------------+-------------------+--------------------+---------------------|
| SwapFacility                                                          | 13,425           | 14,006            | 11,151             | 35,146              |
|-----------------------------------------------------------------------+------------------+-------------------+--------------------+---------------------|
| SwapFacilityV2                                                        | 154              | 180               | 24,422             | 48,972              |
|-----------------------------------------------------------------------+------------------+-------------------+--------------------+---------------------|
| TimelockController                                                    | 6,747            | 7,714             | 17,829             | 41,438              |
|-----------------------------------------------------------------------+------------------+-------------------+--------------------+---------------------|
| TransparentUpgradeableProxy                                           | 1,197            | 3,798             | 23,379             | 45,354              |
|-----------------------------------------------------------------------+------------------+-------------------+--------------------+---------------------|
| UIntMath                                                              | 123              | 173               | 24,453             | 48,979              |
|-----------------------------------------------------------------------+------------------+-------------------+--------------------+---------------------|
| UniswapV3SwapAdapter                                                  | 6,499            | 7,973             | 18,077             | 41,179              |
|-----------------------------------------------------------------------+------------------+-------------------+--------------------+---------------------|
| UnsafeUpgrades                                                        | 123              | 173               | 24,453             | 48,979              |
|-----------------------------------------------------------------------+------------------+-------------------+--------------------+---------------------|
| UpgradeableBeacon                                                     | 766              | 1,204             | 23,810             | 47,948              |
|-----------------------------------------------------------------------+------------------+-------------------+--------------------+---------------------|
| Upgrades                                                              | 123              | 173               | 24,453             | 48,979              |
|-----------------------------------------------------------------------+------------------+-------------------+--------------------+---------------------|
| Utils                                                                 | 123              | 173               | 24,453             | 48,979              |
|-----------------------------------------------------------------------+------------------+-------------------+--------------------+---------------------|
| Versions                                                              | 123              | 173               | 24,453             | 48,979              |
╰-----------------------------------------------------------------------+------------------+-------------------+--------------------+---------------------╯

